[
  0.12,
  1.04,
  0.14,
  1,
  0.28,
  1.36,
  1.22,
  0.1,
  1.52,
  0.42,
  0.9,
  1.72,
  0.68,
  0.91,
  1.47,
  1.69,
  1.82,
  0.53,
  1.06,
  0.12,
  0.44,
  1.22,
  0.21,
  1.47,
  0.6,
  1.4,
  1.17,
  0.11,
  1.89,
  1.5,
  0.36,
  1.91,
  1.9,
  1.11,
  0.04,
  0.8,
  1.47,
  1.57,
  1.5,
  0.13,
  1.57,
  1.65,
  1.64,
  0.21,
  1.12,
  1,
  0.13,
  0.89,
  1.63,
  1.14,
  0.19,
  0.57,
  1.93,
  1.19,
  0.83,
  0.32,
  0.68,
  1.89,
  1.12,
  1.67,
  1,
  0.11,
  1.06,
  0.11,
  1.11,
  0.17,
  0.55,
  1.09,
  0.06,
  1.06,
  1,
  0.09,
  0.85,
  1.92,
  1.08,
  0.05,
  0.63,
  1.53,
  0,
  0,
  0.36,
  1.18,
  0.12,
  0.94,
  0.69,
  1.46,
  0.46,
  0.87,
  1.33,
  1.7,
  0.58,
  1.17,
  0,
  0,
  0.86,
  0.38,
  1.54,
  1.85,
  1.53,
  0.9,
  0.91,
  1,
  0.69,
  0.8,
  1.35,
  0.22,
  1.56,
  1.22,
  0.29,
  0.67,
  1.24,
  1.8,
  0.31,
  1.31,
  0.33,
  0,
  0,
  0.33,
  1.56,
  0.19,
  1.96,
  1.46,
  0.86,
  1.43,
  0.75,
  1.88,
  0.35,
  0.65,
  1.94,
  1.28,
  1.38,
  1.67,
  0.5,
  0.25,
  0,
  0,
  0.67,
  1.8,
  0.41,
  1.21,
  0.3,
  1.35,
  0,
  0,
  0.67,
  1.67,
  0.33,
  0.69,
  1.03,
  0.05,
  1.05,
  0.14,
  0.41,
  1.24,
  0.8,
  1.8,
  0.57,
  0.54,
  1.08,
  0.14,
  0.44,
  1.31,
  0.45,
  0.5,
  1.5,
  1.09,
  1,
  0.04,
  0.78,
  1.12,
  0.22,
  1.17,
  0.75,
  0.24,
  0.59,
  1.31,
  1.11,
  0,
  0,
  0.62,
  1.86,
  0.67,
  1.67,
  1.11,
  0.11,
  0.59,
  1.19,
  1.5,
  0.14,
  1.9,
  1.26,
  1.2,
  0.12,
  1.88,
  0.23,
  1.93,
  1.36,
  0.56,
  1.83,
  0.62,
  1.71,
  1.35,
  0.23,
  0.9,
  1.21,
  1.17,
  0.06,
  1.61,
  0,
  0,
  0.74,
  1.32,
  1.17,
  0.33,
  0.5,
  0.19,
  1.06,
  0.12,
  1.19,
  0.23,
  1.77,
  0.71,
  0.93,
  1.07,
  0.05,
  0.9,
  1.1,
  0.5,
  0.29,
  0.67,
  0.91,
  1.17,
  1.5,
  0.08,
  0.89,
  1.74,
  1.2,
  0.31,
  1.08,
  0.07,
  1.47,
  0.21,
  0.87,
  1.03,
  0.04,
  1.67,
  0.52,
  1.94,
  1.1,
  1.67
]