[10,16,21,28,33,39,9]
[1,28,32,36,40,42,1]
[2,15,18,33,35,40,3]
[6,8,12,14,20,42,3]
[4,22,27,33,35,39,7]
[19,23,27,33,41,42,1]
[9,18,21,26,36,39,7]
[6,13,16,28,35,39,8]
[4,8,18,38,39,41,4]
[4,11,13,16,24,34,8]
[2,7,26,31,33,42,3]
[1,11,16,17,28,31,7]
[4,9,25,33,38,39,5]
[12,17,24,29,31,40,2]
[3,8,9,30,34,41,7]
[13,21,35,36,38,42,0]
[1,2,12,19,35,36,7]
[2,8,17,19,35,36,8]
[7,10,22,39,40,42,6]
[2,5,11,19,21,29,2]
[2,6,14,24,35,36,0]
[4,8,10,14,21,25,6]
[1,14,19,33,35,42,8]
[10,15,19,21,25,32,2]
[3,6,10,16,26,34,9]
[7,11,13,29,30,40,1]
[10,20,22,29,30,34,3]
[11,15,17,29,32,40,5]
[5,11,12,26,36,42,2]
[12,15,21,23,34,40,9]
[3,5,7,11,13,20,2]
[7,13,16,23,31,33,1]
[8,10,23,25,36,37,0]
[7,9,12,21,31,36,7]
[4,10,19,24,35,40,9]
[6,17,18,30,34,35,3]
[4,6,14,27,37,40,1]
[1,3,17,20,31,36,4]
[14,16,31,33,35,36,1]
[5,14,20,37,39,41,3]
[4,5,6,10,37,41,9]
[16,17,19,29,32,40,6]
[4,6,8,18,21,26,0]
[2,5,29,33,40,42,5]
[1,5,12,15,32,42,8]
[5,10,21,30,36,40,4]
[8,9,14,21,28,39,0]
[1,9,11,13,19,21,5]
[5,6,12,18,25,40,5]
[8,12,14,18,23,34,1]
[5,9,14,32,40,41,2]
[6,20,21,31,39,41,5]
[1,16,17,27,31,36,4]
[8,12,27,28,35,40,5]
[12,21,22,32,41,42,9]
[6,7,11,21,27,28,1]
[3,6,15,23,33,35,7]
[7,8,10,16,38,42,2]
[2,10,14,24,28,37,0]
[9,10,11,29,36,40,0]
[9,10,18,22,34,37,4]
[10,23,26,27,28,39,4]
[3,13,14,24,28,39,3]
[7,19,22,25,31,36,3]
[10,11,12,13,15,35,7]
[3,6,7,21,27,30,1]
[3,13,21,30,38,40,4]
[7,9,16,27,30,40,6]
[4,5,22,28,35,41,1]
[2,5,9,23,28,37,7]
[2,20,21,24,29,37,0]
[6,8,10,24,29,30,3]
[5,6,25,28,31,39,5]
[3,11,14,19,34,36,7]
[18,23,29,32,34,36,4]
[1,4,17,29,35,42,3]
[2,4,6,31,36,40,2]
[15,20,24,29,39,42,7]
[10,14,15,16,19,37,5]
[3,8,10,16,17,19,9]
[2,11,13,20,31,34,0]
[4,8,22,24,31,41,0]
[5,11,16,28,31,35,9]
[11,15,18,19,24,40,6]
[5,6,22,34,40,42,5]
[1,6,10,28,33,39,0]
[3,5,23,38,39,41,0]
[7,16,18,20,30,34,5]
[20,23,31,33,35,38,6]
[7,25,26,29,33,34,3]
[1,17,22,24,37,38,1]
[1,2,12,17,22,41,7]
[4,7,17,20,27,39,1]
[1,13,18,23,36,41,0]
[15,21,23,24,29,39,8]
[7,13,19,24,30,35,9]
[5,14,18,25,29,31,8]
[6,16,17,20,33,41,6]
[1,7,12,17,37,40,3]
[27,31,32,36,39,41,9]
[3,9,26,30,31,32,1]
[5,16,22,32,37,39,2]
[4,21,29,30,37,42,3]
[4,12,16,28,33,38,8]
[5,15,19,22,39,40,4]
[2,3,6,10,22,40,6]
[14,16,18,28,34,42,8]
[19,25,30,33,37,41,4]
[1,4,7,34,35,40,5]
[4,9,16,18,27,41,7]
[10,15,34,35,37,41,8]
[4,9,16,24,39,41,8]
[3,5,18,24,25,35,9]
[3,4,16,34,35,41,5]
[6,9,10,11,16,26,9]
[6,16,17,19,30,31,9]
[2,19,20,22,26,32,1]
[4,9,16,21,26,36,5]
[7,14,15,19,28,31,6]
[6,20,23,31,33,41,6]
[1,13,19,26,27,30,2]
[7,8,13,23,26,42,2]
[1,7,15,19,20,24,3]
[2,13,14,25,34,36,5]
[3,11,25,28,33,41,7]
[9,25,30,31,35,42,4]
[4,6,19,26,31,36,0]
[11,12,23,33,35,37,4]
[2,5,11,18,24,36,6]
[10,20,25,26,30,31,7]
[4,29,31,33,34,41,5]
[7,22,27,30,37,41,1]
[1,26,33,34,37,40,5]
[5,19,25,28,29,42,8]
[2,17,22,23,26,38,9]
[1,14,18,29,33,34,5]
[8,12,18,19,37,38,5]
[3,14,15,30,31,38,8]
[4,19,24,28,36,38,8]
[3,10,14,30,33,39,0]
[1,13,28,29,36,41,9]
[19,23,33,34,35,37,5]
[11,16,23,25,34,35,8]
[2,11,17,19,27,32,3]
[2,15,21,27,33,37,8]
[11,19,21,31,32,33,5]
[4,9,13,15,23,42,8]
[5,9,12,20,26,37,7]
[6,12,20,24,35,38,8]
[3,9,10,24,29,34,8]
[7,9,20,27,28,36,9]
[7,8,10,18,23,38,3]
[7,11,16,24,28,30,3]
[3,8,21,25,31,42,2]
[14,16,21,23,27,41,2]
[5,11,17,18,24,27,4]
[6,16,20,27,38,41,8]
[9,17,18,30,35,38,3]
[7,10,24,27,31,36,6]
[1,7,8,9,33,38,3]
[9,11,27,33,41,42,9]
[4,5,23,34,36,40,4]
[7,12,13,16,25,27,4]
[3,27,28,33,35,41,8]
[1,20,23,28,39,40,9]
[3,10,11,26,39,42,1]
[17,22,24,32,34,41,0]
[13,17,22,23,28,42,2]
[1,4,10,11,20,32,0]
[14,16,18,20,26,33,7]
[8,14,17,20,29,34,2]
[7,22,25,27,29,39,0]
[1,2,6,8,20,23,5]
[7,11,12,15,29,38,6]
[3,19,25,28,37,42,1]
[3,15,28,30,36,42,3]
[3,13,14,15,27,28,5]
[8,22,24,26,37,40,2]
[3,13,17,27,35,42,4]
[3,11,14,19,28,29,1]
[2,3,8,16,17,38,2]
[8,13,17,25,29,42,7]
[6,20,29,30,31,32,3]
[7,9,11,27,28,37,8]
[3,4,5,28,35,39,9]
[3,13,14,22,24,34,2]
[10,12,14,15,23,26,7]
[3,4,8,19,35,38,3]
[9,10,22,27,28,40,6]
[4,10,19,22,32,40,7]
[11,13,14,20,22,25,4]
[11,13,16,23,27,31,5]
[11,16,27,30,34,38,8]
[20,21,23,26,34,42,0]
[1,4,20,26,41,42,4]
[5,7,22,31,36,38,3]
[5,14,18,24,30,41,4]
[1,4,11,15,35,40,6]
[6,8,9,13,24,26,6]
[3,11,13,18,23,33,8]
[4,17,19,20,26,36,7]
[19,22,23,25,30,41,4]
[3,13,17,36,38,39,8]
[3,25,27,34,36,38,8]
[9,15,17,27,28,41,4]
[11,15,24,27,37,40,3]
[2,12,24,26,29,38,8]
[7,11,21,30,33,35,0]
[10,11,12,19,26,35,6]
[4,9,13,24,26,28,0]
[2,17,23,32,38,42,9]
[7,10,17,21,29,34,1]
[10,12,15,23,27,30,7]
[3,4,7,8,19,36,3]
[2,7,16,17,28,39,6]
[1,13,28,29,30,34,7]
[1,4,8,20,31,42,1]
[2,3,8,13,39,42,3]
[8,11,13,20,31,36,8]
[25,26,30,36,38,42,5]
[3,23,29,35,39,40,8]
[4,7,16,24,36,40,1]
[2,6,19,30,34,42,5]
[7,8,22,26,36,39,0]
[3,10,15,19,33,41,3]
[6,8,14,21,26,31,5]
[7,8,34,37,41,42,1]
[15,19,24,35,39,42,9]
[30,31,33,34,40,42,6]
[1,5,12,19,33,34,4]
[17,20,21,23,27,32,2]
[12,21,25,27,28,37,0]
[9,17,21,30,32,42,5]
[4,8,16,32,34,38,1]
[7,9,23,35,40,41,6]
[4,11,19,20,23,34,4]
[5,6,7,10,17,20,9]
[2,17,29,32,33,40,4]
[15,17,30,37,39,42,3]
[5,11,18,20,21,34,4]
[4,10,15,26,37,39,7]
[5,7,33,37,39,41,2]
[13,19,31,36,37,40,3]
[3,15,19,27,28,33,7]
[6,16,24,26,27,38,1]
[10,17,20,29,34,39,0]
[1,17,20,22,29,34,3]
[17,20,28,31,39,41,6]
[1,6,12,14,19,32,7]
[7,21,23,24,28,41,4]
[7,9,11,12,20,36,1]
[6,7,27,35,38,39,5]
[9,16,20,29,30,32,6]
[6,10,20,27,38,39,9]
[3,8,19,22,25,33,7]
[2,15,19,20,27,36,8]
[5,7,9,21,27,29,7]
[2,11,30,31,38,41,1]
[12,13,17,20,27,29,5]
[3,8,22,30,36,38,7]
[4,8,10,11,38,41,6]
[8,17,19,31,37,41,3]
[14,27,28,30,32,33,1]
[2,8,15,31,33,34,7]
[1,12,21,26,31,34,9]
[4,9,10,37,39,41,0]
[15,22,32,34,35,41,4]
[7,18,31,32,38,41,8]
[10,23,29,37,38,39,9]
[5,12,14,17,37,41,5]
[3,6,12,21,22,23,0]
[4,20,21,27,30,39,4]
[2,3,4,21,24,29,7]
[4,23,29,33,34,40,5]
[11,14,18,26,28,39,0]
[1,8,15,16,20,38,6]
[11,25,33,34,38,40,4]
[11,13,20,25,31,39,5]
[10,16,22,28,38,41,5]
[4,8,9,18,22,32,5]
[3,8,12,23,35,41,3]
[1,6,12,13,23,24,0]
[4,15,20,28,34,37,6]
[3,7,24,25,39,42,3]
[1,4,5,13,17,30,7]
[1,3,27,28,37,41,5]
[12,15,19,22,33,34,3]
[7,13,16,34,36,37,8]
[9,11,18,29,34,37,1]
[2,7,17,26,27,31,0]
[2,16,21,29,30,38,1]
[1,3,7,13,14,35,1]
[9,15,21,22,36,39,7]
[12,14,19,20,30,39,0]
[7,10,14,19,22,23,8]
[3,12,13,17,25,33,9]
[7,8,13,28,29,40,0]
[5,6,11,14,17,34,0]
[2,7,8,14,26,34,7]
[2,6,13,25,35,39,3]
[18,22,25,29,33,37,8]
[2,7,8,21,28,29,0]
[14,24,27,30,36,40,3]
[12,18,20,27,28,42,8]
[4,11,12,22,31,38,8]
[11,13,18,21,39,40,6]
[8,12,13,19,23,41,5]
[2,5,16,18,23,24,0]
[5,12,15,27,35,42,5]
[28,30,31,36,40,42,2]
[3,7,23,24,26,27,0]
[13,20,21,28,40,41,4]
[3,4,13,14,31,33,9]
[2,10,11,16,33,42,2]
[21,23,24,28,31,34,0]
[4,9,13,18,26,35,5]
[1,7,12,19,35,39,5]
[3,7,14,16,34,37,0]
[2,4,6,26,33,36,3]
[2,3,7,10,13,20,2]
[6,11,13,21,35,39,2]
[4,10,22,29,35,41,1]
[5,6,16,32,36,42,0]
[5,9,10,21,26,36,2]
[6,7,8,24,35,36,4]
[1,6,10,16,17,28,4]
[4,8,11,31,34,39,7]
[3,6,10,16,24,39,9]
[5,15,21,30,37,38,1]
[1,24,25,27,31,34,6]
[6,11,13,21,35,39,2]
[4,10,22,29,35,41,1]
[5,6,16,32,36,42,0]
[5,9,10,21,26,36,2]
[6,7,8,24,35,36,4]
[1,6,10,16,17,28,4]
[4,8,11,31,34,39,7]
[3,6,10,16,24,39,9]
[5,15,21,30,37,38,1]
[1,24,25,27,31,34,6]
[6,11,13,21,35,39,2]
[4,10,22,29,35,41,1]
[5,6,16,32,36,42,0]
[5,9,10,21,26,36,2]
[6,7,8,24,35,36,4]
[1,6,10,16,17,28,4]
[4,8,11,31,34,39,7]
[3,6,10,16,24,39,9]
[5,15,21,30,37,38,1]
[1,24,25,27,31,34,6]
[6,11,13,21,35,39,2]
[4,10,22,29,35,41,1]
[5,6,16,32,36,42,0]
[5,9,10,21,26,36,2]
[6,7,8,24,35,36,4]
[1,6,10,16,17,28,4]
[4,8,11,31,34,39,7]
[3,6,10,16,24,39,9]
[5,15,21,30,37,38,1]
[1,24,25,27,31,34,6]
[6,11,13,21,35,39,2]
[4,10,22,29,35,41,1]
[5,6,16,32,36,42,0]
[5,9,10,21,26,36,2]
[6,7,8,24,35,36,4]
[1,6,10,16,17,28,4]
[4,8,11,31,34,39,7]
[3,6,10,16,24,39,9]
[5,15,21,30,37,38,1]
[1,24,25,27,31,34,6]
[6,11,13,21,35,39,2]
[4,10,22,29,35,41,1]
[5,6,16,32,36,42,0]
[5,9,10,21,26,36,2]
[6,7,8,24,35,36,4]
[1,6,10,16,17,28,4]
[4,8,11,31,34,39,7]
[3,6,10,16,24,39,9]
[5,15,21,30,37,38,1]
[1,24,25,27,31,34,6]
[6,11,13,21,35,39,2]
[4,10,22,29,35,41,1]
[5,6,16,32,36,42,0]
[5,9,10,21,26,36,2]
[6,7,8,24,35,36,4]
[1,6,10,16,17,28,4]
[4,8,11,31,34,39,7]
[3,6,10,16,24,39,9]
[5,15,21,30,37,38,1]
[1,24,25,27,31,34,6]
[6,11,13,21,35,39,2]
[4,10,22,29,35,41,1]
[5,6,16,32,36,42,0]
[5,9,10,21,26,36,2]
[6,7,8,24,35,36,4]
[1,6,10,16,17,28,4]
[4,8,11,31,34,39,7]
[3,6,10,16,24,39,9]
[5,15,21,30,37,38,1]
[1,24,25,27,31,34,6]
[6,11,13,21,35,39,2]
[4,10,22,29,35,41,1]
[5,6,16,32,36,42,0]
[5,9,10,21,26,36,2]
[6,7,8,24,35,36,4]
[1,6,10,16,17,28,4]
[4,8,11,31,34,39,7]
[3,6,10,16,24,39,9]
[5,15,21,30,37,38,1]
[1,24,25,27,31,34,6]
[6,11,13,21,35,39,2]
[4,10,22,29,35,41,1]
[5,6,16,32,36,42,0]
[5,9,10,21,26,36,2]
[6,7,8,24,35,36,4]
[1,6,10,16,17,28,4]
[4,8,11,31,34,39,7]
[3,6,10,16,24,39,9]
[5,15,21,30,37,38,1]
[1,24,25,27,31,34,6]
[6,11,13,21,35,39,2]
[4,10,22,29,35,41,1]
[5,6,16,32,36,42,0]
[5,9,10,21,26,36,2]
[6,7,8,24,35,36,4]
[1,6,10,16,17,28,4]
[4,8,11,31,34,39,7]
[3,6,10,16,24,39,9]
[5,15,21,30,37,38,1]
[1,24,25,27,31,34,6]
[6,11,13,21,35,39,2]
[4,10,22,29,35,41,1]
[5,6,16,32,36,42,0]
[5,9,10,21,26,36,2]
[6,7,8,24,35,36,4]
[1,6,10,16,17,28,4]
[4,8,11,31,34,39,7]
[3,6,10,16,24,39,9]
[5,15,21,30,37,38,1]
[1,24,25,27,31,34,6]
[6,11,13,21,35,39,2]
[4,10,22,29,35,41,1]
[5,6,16,32,36,42,0]
[5,9,10,21,26,36,2]
[6,7,8,24,35,36,4]
[1,6,10,16,17,28,4]
[4,8,11,31,34,39,7]
[3,6,10,16,24,39,9]
[5,15,21,30,37,38,1]
[1,24,25,27,31,34,6]
[6,11,13,21,35,39,2]
[4,10,22,29,35,41,1]
[5,6,16,32,36,42,0]
[5,9,10,21,26,36,2]
[6,7,8,24,35,36,4]
[1,6,10,16,17,28,4]
[4,8,11,31,34,39,7]
[3,6,10,16,24,39,9]
[5,15,21,30,37,38,1]
[1,24,25,27,31,34,6]
[6,11,13,21,35,39,2]
[4,10,22,29,35,41,1]
[5,6,16,32,36,42,0]
[5,9,10,21,26,36,2]
[6,7,8,24,35,36,4]
[1,6,10,16,17,28,4]
[4,8,11,31,34,39,7]
[3,6,10,16,24,39,9]
[5,15,21,30,37,38,1]
[1,24,25,27,31,34,6]
[4,6,14,19,30,40,2]
[13,15,20,31,35,36,6]
[7,18,20,25,29,42,2]
[10,12,16,17,24,38,9]
[1,5,10,19,24,42,7]
[3,7,11,13,17,35,2]
[8,10,20,21,22,41,2]
[2,4,6,9,11,29,3]
[3,12,23,28,40,42,7]
[10,13,16,26,35,39,6]
[12,14,24,30,34,42,0]
[11,12,21,28,39,40,0]
[1,22,27,33,41,42,0]
[10,15,25,29,32,33,1]
[2,3,7,21,28,34,5]
[5,20,22,24,27,36,9]
[1,5,6,10,23,29,0]
[1,17,23,26,32,37,3]
[1,3,25,37,38,39,5]
[1,7,13,16,18,40,8]
[12,14,24,30,34,42,0]
[11,12,21,28,39,40,0]
[1,22,27,33,41,42,0]
[10,15,25,29,32,33,1]
[2,3,7,21,28,34,5]
[5,20,22,24,27,36,9]
[1,5,6,10,23,29,0]
[1,17,23,26,32,37,3]
[1,3,25,37,38,39,5]
[1,7,13,16,18,40,8]
[12,14,24,30,34,42,0]
[11,12,21,28,39,40,0]
[1,22,27,33,41,42,0]
[10,15,25,29,32,33,1]
[2,3,7,21,28,34,5]
[5,20,22,24,27,36,9]
[1,5,6,10,23,29,0]
[1,17,23,26,32,37,3]
[1,3,25,37,38,39,5]
[1,7,13,16,18,40,8]
[12,14,24,30,34,42,0]
[11,12,21,28,39,40,0]
[1,22,27,33,41,42,0]
[10,15,25,29,32,33,1]
[2,3,7,21,28,34,5]
[5,20,22,24,27,36,9]
[1,5,6,10,23,29,0]
[1,17,23,26,32,37,3]
[1,3,25,37,38,39,5]
[1,7,13,16,18,40,8]
[12,14,24,30,34,42,0]
[11,12,21,28,39,40,0]
[1,22,27,33,41,42,0]
[10,15,25,29,32,33,1]
[2,3,7,21,28,34,5]
[5,20,22,24,27,36,9]
[1,5,6,10,23,29,0]
[1,17,23,26,32,37,3]
[1,3,25,37,38,39,5]
[1,7,13,16,18,40,8]
[12,14,24,30,34,42,0]
[11,12,21,28,39,40,0]
[1,22,27,33,41,42,0]
[10,15,25,29,32,33,1]
[2,3,7,21,28,34,5]
[5,20,22,24,27,36,9]
[1,5,6,10,23,29,0]
[1,17,23,26,32,37,3]
[1,3,25,37,38,39,5]
[1,7,13,16,18,40,8]
[12,14,24,30,34,42,0]
[11,12,21,28,39,40,0]
[1,22,27,33,41,42,0]
[10,15,25,29,32,33,1]
[2,3,7,21,28,34,5]
[5,20,22,24,27,36,9]
[1,5,6,10,23,29,0]
[1,17,23,26,32,37,3]
[1,3,25,37,38,39,5]
[1,7,13,16,18,40,8]
[12,14,24,30,34,42,0]
[11,12,21,28,39,40,0]
[1,22,27,33,41,42,0]
[10,15,25,29,32,33,1]
[2,3,7,21,28,34,5]
[5,20,22,24,27,36,9]
[1,5,6,10,23,29,0]
[1,17,23,26,32,37,3]
[1,3,25,37,38,39,5]
[1,7,13,16,18,40,8]
[12,14,24,30,34,42,0]
[11,12,21,28,39,40,0]
[1,22,27,33,41,42,0]
[10,15,25,29,32,33,1]
[2,3,7,21,28,34,5]
[5,20,22,24,27,36,9]
[1,5,6,10,23,29,0]
[1,17,23,26,32,37,3]
[1,3,25,37,38,39,5]
[1,7,13,16,18,40,8]
[12,14,24,30,34,42,0]
[11,12,21,28,39,40,0]
[1,22,27,33,41,42,0]
[10,15,25,29,32,33,1]
[2,3,7,21,28,34,5]
[5,20,22,24,27,36,9]
[1,5,6,10,23,29,0]
[1,17,23,26,32,37,3]
[1,3,25,37,38,39,5]
[1,7,13,16,18,40,8]
[12,14,24,30,34,42,0]
[11,12,21,28,39,40,0]
[1,22,27,33,41,42,0]
[10,15,25,29,32,33,1]
[2,3,7,21,28,34,5]
[5,20,22,24,27,36,9]
[1,5,6,10,23,29,0]
[1,17,23,26,32,37,3]
[1,3,25,37,38,39,5]
[1,7,13,16,18,40,8]
[12,14,24,30,34,42,0]
[11,12,21,28,39,40,0]
[1,22,27,33,41,42,0]
[10,15,25,29,32,33,1]
[2,3,7,21,28,34,5]
[5,20,22,24,27,36,9]
[1,5,6,10,23,29,0]
[1,17,23,26,32,37,3]
[1,3,25,37,38,39,5]
[1,7,13,16,18,40,8]
[12,14,24,30,34,42,0]
[11,12,21,28,39,40,0]
[1,22,27,33,41,42,0]
[10,15,25,29,32,33,1]
[2,3,7,21,28,34,5]
[5,20,22,24,27,36,9]
[1,5,6,10,23,29,0]
[1,17,23,26,32,37,3]
[1,3,25,37,38,39,5]
[1,7,13,16,18,40,8]
[12,14,24,30,34,42,0]
[11,12,21,28,39,40,0]
[1,22,27,33,41,42,0]
[10,15,25,29,32,33,1]
[2,3,7,21,28,34,5]
[5,20,22,24,27,36,9]
[1,5,6,10,23,29,0]
[1,17,23,26,32,37,3]
[1,3,25,37,38,39,5]
[1,7,13,16,18,40,8]
[12,14,24,30,34,42,0]
[11,12,21,28,39,40,0]
[1,22,27,33,41,42,0]
[10,15,25,29,32,33,1]
[2,3,7,21,28,34,5]
[5,20,22,24,27,36,9]
[1,5,6,10,23,29,0]
[1,17,23,26,32,37,3]
[1,3,25,37,38,39,5]
[1,7,13,16,18,40,8]
[12,14,24,30,34,42,0]
[11,12,21,28,39,40,0]
[1,22,27,33,41,42,0]
[10,15,25,29,32,33,1]
[2,3,7,21,28,34,5]
[5,20,22,24,27,36,9]
[1,5,6,10,23,29,0]
[1,17,23,26,32,37,3]
[1,3,25,37,38,39,5]
[1,7,13,16,18,40,8]
[12,14,24,30,34,42,0]
[11,12,21,28,39,40,0]
[1,22,27,33,41,42,0]
[10,15,25,29,32,33,1]
[2,3,7,21,28,34,5]
[5,20,22,24,27,36,9]
[1,5,6,10,23,29,0]
[1,17,23,26,32,37,3]
[1,3,25,37,38,39,5]
[1,7,13,16,18,40,8]
[12,14,24,30,34,42,0]
[11,12,21,28,39,40,0]
[1,22,27,33,41,42,0]
[10,15,25,29,32,33,1]
[2,3,7,21,28,34,5]
[5,20,22,24,27,36,9]
[1,5,6,10,23,29,0]
[1,17,23,26,32,37,3]
[1,3,25,37,38,39,5]
[1,7,13,16,18,40,8]
[12,14,24,30,34,42,0]
[11,12,21,28,39,40,0]
[1,22,27,33,41,42,0]
[10,15,25,29,32,33,1]
[2,3,7,21,28,34,5]
[5,20,22,24,27,36,9]
[1,5,6,10,23,29,0]
[1,17,23,26,32,37,3]
[1,3,25,37,38,39,5]
[1,7,13,16,18,40,8]
[12,14,24,30,34,42,0]
[11,12,21,28,39,40,0]
[1,22,27,33,41,42,0]
[10,15,25,29,32,33,1]
[2,3,7,21,28,34,5]
[5,20,22,24,27,36,9]
[1,5,6,10,23,29,0]
[1,17,23,26,32,37,3]
[1,3,25,37,38,39,5]
[1,7,13,16,18,40,8]
[12,14,24,30,34,42,0]
[11,12,21,28,39,40,0]
[1,22,27,33,41,42,0]
[10,15,25,29,32,33,1]
[2,3,7,21,28,34,5]
[5,20,22,24,27,36,9]
[1,5,6,10,23,29,0]
[1,17,23,26,32,37,3]
[1,3,25,37,38,39,5]
[1,7,13,16,18,40,8]
[12,14,24,30,34,42,0]
[11,12,21,28,39,40,0]
[1,22,27,33,41,42,0]
[10,15,25,29,32,33,1]
[2,3,7,21,28,34,5]
[5,20,22,24,27,36,9]
[1,5,6,10,23,29,0]
[1,17,23,26,32,37,3]
[1,3,25,37,38,39,5]
[1,7,13,16,18,40,8]
[12,14,24,30,34,42,0]
[11,12,21,28,39,40,0]
[1,22,27,33,41,42,0]
[10,15,25,29,32,33,1]
[2,3,7,21,28,34,5]
[5,20,22,24,27,36,9]
[1,5,6,10,23,29,0]
[1,17,23,26,32,37,3]
[1,3,25,37,38,39,5]
[1,7,13,16,18,40,8]
[12,14,24,30,34,42,0]
[11,12,21,28,39,40,0]
[1,22,27,33,41,42,0]
[10,15,25,29,32,33,1]
[2,3,7,21,28,34,5]
[5,20,22,24,27,36,9]
[1,5,6,10,23,29,0]
[1,17,23,26,32,37,3]
[1,3,25,37,38,39,5]
[1,7,13,16,18,40,8]
[12,14,24,30,34,42,0]
[11,12,21,28,39,40,0]
[1,22,27,33,41,42,0]
[10,15,25,29,32,33,1]
[2,3,7,21,28,34,5]
[5,20,22,24,27,36,9]
[1,5,6,10,23,29,0]
[1,17,23,26,32,37,3]
[1,3,25,37,38,39,5]
[1,7,13,16,18,40,8]
[12,14,24,30,34,42,0]
[11,12,21,28,39,40,0]
[1,22,27,33,41,42,0]
[10,15,25,29,32,33,1]
[2,3,7,21,28,34,5]
[5,20,22,24,27,36,9]
[1,5,6,10,23,29,0]
[1,17,23,26,32,37,3]
[1,3,25,37,38,39,5]
[1,7,13,16,18,40,8]
[12,14,24,30,34,42,0]
[11,12,21,28,39,40,0]
[1,22,27,33,41,42,0]
[10,15,25,29,32,33,1]
[2,3,7,21,28,34,5]
[5,20,22,24,27,36,9]
[1,5,6,10,23,29,0]
[1,17,23,26,32,37,3]
[1,3,25,37,38,39,5]
[1,7,13,16,18,40,8]
[12,14,24,30,34,42,0]
[11,12,21,28,39,40,0]
[1,22,27,33,41,42,0]
[10,15,25,29,32,33,1]
[2,3,7,21,28,34,5]
[5,20,22,24,27,36,9]
[1,5,6,10,23,29,0]
[1,17,23,26,32,37,3]
[1,3,25,37,38,39,5]
[1,7,13,16,18,40,8]
[12,14,24,30,34,42,0]
[11,12,21,28,39,40,0]
[1,22,27,33,41,42,0]
[10,15,25,29,32,33,1]
[2,3,7,21,28,34,5]
[5,20,22,24,27,36,9]
[1,5,6,10,23,29,0]
[1,17,23,26,32,37,3]
[1,3,25,37,38,39,5]
[1,7,13,16,18,40,8]
[20,24,26,27,35,41,0]
[3,6,8,24,33,37,7]
[8,14,15,28,30,42,0]
[1,5,14,18,32,38,6]
[7,24,27,29,33,38,3]
[1,19,20,30,34,38,5]
[2,7,11,22,25,38,9]
[8,16,24,29,34,42,3]
[3,6,16,18,28,35,8]
[1,3,9,10,12,39,9]
[1,9,17,21,39,40,5]
[10,25,26,27,28,29,9]
[5,8,11,20,32,39,0]
[16,18,27,28,37,39,4]
[19,22,23,35,37,41,6]
[1,2,12,20,27,37,4]
[10,13,14,27,30,38,7]
[7,9,13,18,21,36,8]
[2,6,7,22,35,39,6]
[6,8,11,22,29,32,6]
[4,7,9,10,35,38,9]
[2,3,18,30,33,42,5]
[2,5,11,13,19,20,1]
[12,13,14,24,31,40,9]
[12,14,17,24,27,42,7]
[2,7,9,13,30,32,8]
[13,14,16,17,24,26,8]
[11,19,22,23,33,38,7]
[6,15,17,30,38,39,7]
[6,21,23,29,30,40,2]
[3,4,5,19,21,28,6]
[3,17,23,31,34,39,6]
[5,20,33,35,39,42,4]
[7,8,13,29,35,41,3]
[8,16,19,22,31,32,1]
[5,14,15,18,23,24,0]
[10,17,29,35,36,42,8]
[1,9,10,26,35,39,8]
[15,20,26,30,33,41,9]
[2,12,18,24,36,41,9]
[2,12,15,20,21,33,4]
[12,18,19,25,33,35,1]
[1,4,5,10,24,28,1]
[2,3,10,34,35,40,2]
[12,16,22,27,30,37,3]
[6,9,16,25,36,37,2]
[5,7,8,31,37,42,2]
[9,10,26,29,33,41,8]
[6,10,12,17,24,37,5]
[15,17,25,30,31,41,7]
[1,5,9,27,34,36,7]
[4,6,27,31,36,37,9]
[2,11,20,30,34,37,8]
[3,5,11,16,19,22,7]
[15,17,23,31,32,36,8]
[5,17,22,26,30,40,3]
[5,9,15,18,22,23,9]
[2,5,9,12,15,29,2]
[14,16,21,29,35,36,2]
[2,7,10,17,18,40,3]
[3,4,7,12,16,19,0]
[1,3,16,19,34,37,0]
[3,8,17,21,35,40,2]
[1,6,10,17,20,28,6]
[14,15,17,18,26,29,6]
[1,5,8,11,31,34,7]
[7,20,26,29,31,32,2]
[7,9,11,12,21,42,9]
[1,7,23,25,31,41,6]
[11,12,17,30,32,40,6]
[11,29,30,31,34,35,1]
[6,16,18,19,20,38,5]
[5,13,20,22,35,38,7]
[3,5,11,13,28,34,1]
[5,6,16,17,20,41,9]
[3,8,14,19,20,39,2]
[7,17,23,32,40,42,1]
[6,7,29,33,34,40,3]
[2,6,7,14,30,35,7]
[2,10,20,26,30,41,4]
[5,10,17,20,25,38,8]
[6,10,15,21,25,30,6]
[8,17,32,38,41,42,1]
[4,5,6,17,32,42,9]
[2,6,15,16,30,35,7]
[5,8,17,22,37,40,4]
[1,2,7,8,26,39,0]
[1,2,5,28,31,37,1]
[5,9,27,33,35,36,2]
[9,23,25,34,38,41,3]
[1,9,15,27,30,35,1]
[1,10,12,32,33,42,8]
[6,11,14,28,34,37,6]
[24,26,29,30,39,41,3]
[8,9,20,33,35,36,4]
[14,16,19,31,33,34,6]
[4,25,26,28,39,41,4]
[27,32,33,34,35,36,2]
[3,13,17,18,27,34,6]
[3,5,6,10,28,31,3]
[10,11,21,27,30,39,4]
[2,3,17,20,24,40,4]
[4,10,18,27,38,40,9]
[12,16,22,39,40,42,4]
[3,9,13,14,25,33,1]
[11,18,28,31,36,40,7]
[5,13,22,28,41,42,6]
[6,7,11,22,29,34,2]
[3,14,15,26,30,40,5]
[2,6,12,14,18,39,6]
[4,12,21,22,33,37,3]
[7,10,15,26,33,34,6]
[10,11,13,21,28,41,0]
[24,30,38,39,40,42,1]
[5,24,30,33,39,42,7]
[1,8,11,15,21,23,9]
[12,20,27,36,37,41,4]
[5,9,12,19,22,38,7]
[3,8,23,24,28,35,2]
[8,11,14,26,35,37,1]
[1,13,22,23,37,42,3]
[1,7,21,32,37,41,6]
[16,23,24,33,38,42,7]
[5,9,11,36,41,42,0]
[5,21,29,34,36,42,4]
[6,13,16,19,24,35,8]
[3,12,20,24,32,36,4]
[5,7,13,16,19,32,0]
[16,19,27,32,38,42,0]
[2,5,17,21,23,35,5]
[3,19,26,31,33,40,1]
[3,5,7,19,23,39,5]
[9,14,15,16,32,36,7]
[3,7,13,19,30,37,4]
[7,16,22,31,32,35,3]
[1,3,13,15,23,25,5]
[5,21,25,29,31,38,4]
[7,16,18,19,25,29,2]
[1,2,3,21,31,39,2]
[20,22,30,34,38,39,9]
[1,11,16,25,26,39,9]
[13,20,21,28,31,34,5]
[14,16,18,26,30,38,1]
[4,5,6,21,24,29,6]
[1,31,34,36,40,41,9]
[2,5,7,13,27,39,2]
[5,10,11,32,41,42,3]
[10,20,23,28,36,42,9]
[10,14,18,27,28,37,4]
[22,29,32,33,34,40,1]
[2,3,5,22,23,37,0]
[6,8,20,30,32,37,2]
[5,8,16,20,31,35,2]
[1,2,11,20,37,39,3]
[4,7,12,24,32,37,8]
[2,14,19,26,29,35,1]
[6,13,15,21,27,38,8]
[10,14,31,32,38,40,2]
[8,11,12,18,19,21,3]
[15,26,27,32,36,37,7]
[1,10,19,22,26,36,8]
[2,16,19,29,37,40,5]
[11,18,25,31,35,38,7]
[3,4,14,19,22,32,2]
[2,4,13,17,26,33,1]
[6,11,15,21,31,36,9]
[4,25,26,27,28,32,3]
[7,17,25,26,28,35,9]
[1,4,12,13,29,40,6]
[16,20,21,26,38,41,5]
[2,17,18,19,40,41,0]
[4,6,22,29,31,32,8]
[13,18,19,35,40,42,2]
[16,20,25,26,29,34,2]
[9,14,24,33,35,37,6]
[12,17,21,29,34,38,8]
[8,14,15,20,22,37,4]
[17,21,23,25,28,36,9]
[3,8,22,29,32,33,5]
[5,8,14,24,27,42,3]
[2,6,18,20,35,40,4]
[5,13,16,25,26,37,0]
[5,16,19,28,36,37,0]
[1,27,31,37,40,41,6]
[9,11,16,36,37,41,1]
[3,8,22,35,38,40,5]
[6,11,13,15,31,38,4]
[1,3,10,24,33,40,6]
[3,7,25,30,32,37,2]
[1,7,23,25,37,38,5]
[3,6,9,10,31,32,3]
[1,7,20,21,36,42,2]
[5,11,23,25,26,39,5]
[8,14,25,27,32,40,0]
[15,28,30,31,34,35,7]
[3,5,7,16,25,30,0]
[2,6,14,28,33,41,5]
[4,21,24,28,29,32,7]
[13,22,25,32,37,42,4]
[3,9,11,24,36,37,8]
[14,27,31,32,33,41,5]
[1,12,16,17,31,34,9]
[3,8,10,22,29,32,7]
[1,5,19,24,36,37,7]
[6,16,25,28,36,39,1]
[2,10,17,26,32,37,8]
[1,3,7,16,28,31,9]
[12,15,23,30,36,39,1]
[4,20,25,32,39,40,6]
[4,9,17,31,38,42,7]
[5,9,16,31,32,40,8]
[4,7,9,27,29,35,6]
[4,7,18,22,26,39,4]
[20,22,24,28,29,42,3]
[2,5,10,23,28,33,2]
[1,24,25,26,33,34,9]
[10,19,20,28,30,32,8]
[5,7,22,34,38,40,1]
[2,3,4,5,13,29,9]
[2,8,18,19,22,38,0]
[1,9,10,19,22,33,9]
[3,21,23,26,38,39,1]
[1,4,14,20,33,36,8]
[17,22,28,29,30,35,3]
[12,14,17,24,31,39,5]
[7,19,23,28,31,35,1]
[6,8,11,21,35,40,2]
[1,10,23,36,37,38,7]
[8,28,29,36,37,38,9]
[1,7,12,13,21,23,6]
[2,15,32,34,41,42,4]
[2,3,4,5,21,23,1]
[1,3,15,18,23,31,9]
[5,6,9,25,34,36,5]
[4,9,10,11,13,35,6]
[18,20,22,26,30,38,1]
[5,17,22,30,38,42,4]
[7,18,28,30,35,40,9]
[8,9,15,18,21,30,7]
[4,13,16,29,34,41,0]
[15,21,29,31,32,40,3]
[10,13,19,23,35,38,3]
[7,9,16,18,22,28,9]
[2,9,15,26,33,37,7]
[18,21,33,34,38,41,0]
[1,4,14,32,38,42,1]
[8,13,20,22,30,38,2]
[2,4,22,29,35,42,8]
[3,18,20,25,37,38,4]
[2,3,10,25,33,40,3]
[6,13,20,31,36,41,6]
[7,14,19,23,38,39,5]
[9,11,17,20,21,33,1]
[5,20,27,30,32,38,9]
[2,3,7,16,28,35,5]
[11,13,16,26,27,41,7]
[6,10,14,18,19,20,4]
[1,3,22,23,31,38,0]
[1,4,12,15,17,19,2]
[3,9,13,34,35,41,9]
[18,31,32,35,38,39,1]
[6,10,31,35,38,42,5]
[4,8,21,32,36,42,6]
[2,3,13,22,23,35,3]
[1,3,7,24,35,38,5]
[16,22,23,24,27,30,4]
[7,12,25,27,34,38,5]
[13,21,22,25,30,42,0]
[10,13,23,34,37,38,0]
[4,19,21,33,40,41,4]
[3,6,10,15,18,40,8]
[2,17,18,26,36,39,7]
[15,20,21,23,29,38,4]
[4,14,20,23,29,36,7]
[13,14,20,27,32,37,4]
[6,10,22,25,35,39,5]
[2,3,8,11,19,34,7]
[15,16,18,20,37,39,3]
[5,11,18,20,39,41,6]
[10,11,27,29,31,34,9]
[3,5,8,13,23,34,5]
[5,7,22,24,38,41,2]
[13,24,28,31,32,36,2]
[8,11,14,15,21,40,4]
[1,10,11,19,27,28,2]
[7,14,22,23,37,41,5]
[1,4,18,19,24,30,5]
[1,11,18,24,29,42,6]
[7,10,12,30,35,36,1]
[9,14,15,32,34,38,9]
[17,22,30,34,35,38,8]
[16,19,29,34,35,37,4]
[3,10,14,21,29,36,0]
[6,11,24,25,33,36,7]
[1,7,23,29,31,42,6]
[10,20,21,26,33,40,7]
[8,10,21,23,26,37,8]
[1,3,29,30,34,36,2]
[1,3,9,12,20,30,6]
[3,8,27,28,35,37,3]
[8,9,13,27,37,42,1]
[2,9,10,11,17,28,8]
[2,6,20,22,24,32,4]
[6,12,14,15,17,37,9]
[2,19,27,38,40,41,1]
[1,17,21,37,38,42,4]
[8,27,29,30,35,39,8]
[2,17,20,21,28,29,7]
[19,24,33,36,38,39,3]
[13,15,22,31,37,41,4]
[3,5,7,11,27,35,1]
[4,12,22,28,36,37,9]
[3,12,26,27,34,39,9]
[5,20,29,38,39,42,7]
[6,10,21,26,35,38,3]
[5,6,14,21,29,35,7]
[7,10,14,21,22,42,6]
[13,26,27,28,31,34,2]
[2,13,22,31,32,41,1]
[3,8,24,31,32,40,3]
[1,5,22,25,27,31,8]
[8,17,20,22,23,38,7]
[1,4,5,8,26,36,9]
[5,11,16,20,30,31,4]
[5,6,14,22,23,33,3]
[2,10,11,18,21,22,9]
[3,6,7,20,26,29,5]
[1,15,16,21,22,27,6]
[5,8,9,28,39,41,1]
[3,11,19,26,32,34,1]
[24,25,30,38,39,42,1]
[1,8,17,26,28,37,3]
[5,25,31,33,34,38,1]
[4,9,16,25,35,38,3]
[4,5,8,14,21,31,9]
[9,16,26,37,38,39,7]
[7,16,19,34,40,42,0]
[13,18,22,24,35,36,0]
[2,10,17,22,33,36,6]
[11,14,15,16,33,37,8]
[6,17,19,25,29,36,1]
[1,4,22,23,28,35,5]
[5,10,12,19,29,38,5]
[1,2,15,17,22,42,2]
[1,3,20,24,31,39,2]
[5,13,19,36,39,40,5]
[5,10,13,31,38,42,9]
[22,23,24,25,29,37,5]
[2,4,12,19,33,40,4]
[3,5,23,27,38,40,1]
[9,16,28,29,30,31,1]
[4,5,17,22,31,38,6]
[4,9,26,27,31,39,5]
[2,4,6,13,16,28,2]
[8,18,19,21,23,40,6]
[18,20,24,25,26,40,0]
[7,11,25,27,38,39,8]
[1,16,17,19,30,39,6]
[3,4,7,20,28,35,3]
[8,11,17,21,30,36,5]
[10,12,14,15,24,40,8]
[11,12,18,21,26,36,3]
[16,30,34,36,37,42,5]
[5,15,18,19,27,40,7]
[22,23,24,26,27,34,1]
[7,29,33,36,38,39,2]
[1,12,21,25,26,27,8]
[9,14,19,21,29,33,7]
[3,22,28,34,35,36,4]
[2,9,14,21,26,27,0]
[16,18,27,29,31,32,1]
[5,8,14,24,25,30,8]
[7,20,33,37,39,42,9]
[12,13,16,29,37,41,6]
[20,24,25,27,28,29,7]
[1,3,8,26,27,36,1]
[3,10,17,20,23,24,0]
[2,13,24,25,27,34,5]
[2,5,14,26,37,39,5]
[2,6,16,19,24,41,9]
[8,12,15,26,35,36,1]
[1,4,11,18,29,35,4]
[2,5,7,15,34,37,2]
[1,15,20,25,26,35,2]
[4,7,14,22,23,36,4]
[5,7,17,18,19,40,8]
[1,16,24,26,36,42,9]
[5,8,16,36,37,42,1]
[1,6,29,30,35,38,0]
[1,15,17,28,32,38,7]
[1,3,14,35,41,42,6]
[2,5,6,14,33,35,4]
[7,19,21,30,35,40,2]
[11,15,30,31,32,40,7]
[2,5,10,26,29,40,4]
[4,12,21,27,35,42,2]
[16,21,22,26,35,41,1]
[14,24,33,34,35,37,8]
[11,16,19,21,22,23,2]
[2,12,17,24,28,29,9]
[4,8,25,26,33,36,7]
[1,3,7,8,9,30,5]
[6,7,8,19,21,29,5]
[6,10,26,29,35,40,8]
[7,19,22,23,33,39,6]
[8,9,10,11,23,26,2]
[12,22,25,32,34,37,2]
[10,16,19,22,25,29,4]
[1,4,16,22,23,36,6]
[6,9,16,24,34,41,1]
[3,7,8,17,29,31,3]
[3,7,17,18,29,39,8]
[18,19,20,23,30,37,5]
[4,8,10,29,36,42,8]
[3,9,26,28,35,39,4]
[3,4,17,21,32,41,2]
[1,9,12,13,36,38,7]
[7,12,16,20,23,41,1]
[1,12,13,14,16,36,6]
[6,15,16,27,39,41,9]
[9,19,23,31,40,41,9]
[13,14,35,36,37,40,2]
[1,5,25,28,29,41,4]
[3,8,13,27,30,38,0]
[2,14,20,22,25,28,9]
[1,12,18,30,38,41,9]
[20,23,25,26,28,41,5]
[5,12,30,32,39,40,0]
[16,17,21,33,39,41,0]
[9,12,18,20,27,29,7]
[1,17,25,31,35,37,6]
[1,15,21,35,36,40,7]
[10,16,22,23,36,42,3]
[4,13,14,19,23,35,2]
[3,13,25,26,36,39,5]
[6,14,15,28,36,37,9]
[10,16,18,19,28,39,8]
[1,4,5,10,36,41,5]
[6,10,18,27,33,35,9]
[8,14,27,31,37,40,3]
[19,22,27,30,31,42,1]
[3,12,14,16,31,40,8]
[5,7,18,20,22,31,8]
[14,16,18,31,36,37,4]
[6,10,11,20,21,40,3]
[4,9,15,32,35,39,9]
[1,3,11,12,15,35,7]
[4,18,22,23,26,30,9]
[4,6,10,16,34,41,7]
[16,32,33,37,38,39,5]
[3,13,16,33,34,41,7]
[5,9,18,22,26,41,9]
[10,11,13,19,27,32,7]
[4,17,29,33,34,37,0]
[5,7,8,16,19,26,8]
[2,5,6,13,22,36,9]
[1,4,11,14,18,34,2]
[2,6,11,19,21,28,0]
[9,13,18,26,27,29,5]
[7,13,19,30,31,42,6]
[2,9,10,18,33,41,4]
[1,10,16,30,37,41,8]
[11,27,29,30,33,41,7]
[4,12,13,27,34,35,8]
[1,3,5,13,26,34,5]
[9,13,29,30,35,40,5]
[5,13,22,34,37,39,6]
[1,9,14,21,39,42,0]
[6,7,17,20,37,39,1]
[1,3,5,6,36,41,9]
[1,2,17,18,21,24,0]
[6,16,21,26,33,34,2]
[10,11,13,18,28,33,8]
[2,7,16,18,20,39,8]
[1,2,28,31,33,42,9]
[14,18,20,27,30,36,6]
[2,10,23,24,34,39,3]
[8,21,22,29,33,38,0]
[4,6,7,18,34,39,2]
[9,14,16,18,37,42,0]
[2,6,13,21,26,35,2]
[12,15,30,34,40,42,0]
[2,4,15,20,22,29,1]
[6,8,10,29,33,37,2]
[9,12,16,20,29,36,8]
[2,11,14,26,28,37,7]
[9,10,22,37,39,40,3]
[1,2,17,21,39,41,3]
[4,18,20,29,36,38,0]
[7,22,27,32,34,37,1]
[4,26,30,33,37,39,7]
[8,10,13,31,39,40,7]
[13,18,20,24,37,40,0]
[5,9,14,19,22,33,6]
[17,26,27,29,34,36,7]
[6,17,18,23,27,40,9]
[15,19,23,26,40,42,5]
[9,20,27,34,35,36,1]
[1,6,10,16,32,37,0]
[15,20,21,29,36,37,2]
[7,8,14,15,21,42,1]
[11,13,18,20,23,24,5]
[4,9,16,23,26,40,1]
[1,6,14,19,29,33,4]
[3,13,22,24,30,38,2]
[4,10,11,13,14,22,5]
[1,16,19,20,31,38,2]
[1,3,17,25,29,40,8]
[7,19,20,32,33,36,2]
[8,9,11,16,37,38,3]
[7,8,14,15,21,42,1]
[11,13,18,20,23,24,5]
[4,9,16,23,26,40,1]
[1,6,14,19,29,33,4]
[3,13,22,24,30,38,2]
[4,10,11,13,14,22,5]
[1,16,19,20,31,38,2]
[1,3,17,25,29,40,8]
[7,19,20,32,33,36,2]
[8,9,11,16,37,38,3]
[7,8,14,15,21,42,1]
[11,13,18,20,23,24,5]
[4,9,16,23,26,40,1]
[1,6,14,19,29,33,4]
[3,13,22,24,30,38,2]
[4,10,11,13,14,22,5]
[1,16,19,20,31,38,2]
[1,3,17,25,29,40,8]
[7,19,20,32,33,36,2]
[8,9,11,16,37,38,3]
[7,8,14,15,21,42,1]
[11,13,18,20,23,24,5]
[4,9,16,23,26,40,1]
[1,6,14,19,29,33,4]
[3,13,22,24,30,38,2]
[4,10,11,13,14,22,5]
[1,16,19,20,31,38,2]
[1,3,17,25,29,40,8]
[7,19,20,32,33,36,2]
[8,9,11,16,37,38,3]
[7,8,14,15,21,42,1]
[11,13,18,20,23,24,5]
[4,9,16,23,26,40,1]
[1,6,14,19,29,33,4]
[3,13,22,24,30,38,2]
[4,10,11,13,14,22,5]
[1,16,19,20,31,38,2]
[1,3,17,25,29,40,8]
[7,19,20,32,33,36,2]
[8,9,11,16,37,38,3]
[7,8,14,15,21,42,1]
[11,13,18,20,23,24,5]
[4,9,16,23,26,40,1]
[1,6,14,19,29,33,4]
[3,13,22,24,30,38,2]
[4,10,11,13,14,22,5]
[1,16,19,20,31,38,2]
[1,3,17,25,29,40,8]
[7,19,20,32,33,36,2]
[8,9,11,16,37,38,3]
[7,22,23,25,31,42,4]
[16,24,25,26,29,41,5]
[16,23,24,31,35,38,4]
[3,5,14,19,33,34,3]
[1,7,16,17,26,28,0]
[1,2,6,18,34,41,3]
[18,21,24,29,36,40,2]
[16,18,19,26,30,31,9]
[2,4,12,16,32,36,6]
[10,19,24,31,33,41,9]
[6,8,11,26,29,38,7]
[5,20,23,27,28,37,4]
[12,13,20,29,33,42,1]
[6,7,18,24,31,34,8]
[18,19,28,29,37,38,7]
[4,10,17,18,21,41,5]
[4,9,10,14,15,32,5]
[7,11,29,30,36,39,6]
[2,22,23,26,30,41,6]
[6,12,19,21,22,40,0]
[3,7,19,21,36,41,5]
[2,9,11,15,24,25,2]
[13,18,20,31,33,37,3]
[12,14,20,27,28,42,0]
[2,11,19,21,22,40,2]
[1,2,6,11,16,18,7]
[11,19,20,22,28,38,5]
[18,20,25,30,32,39,1]
[6,22,31,36,38,39,0]
[16,25,33,36,38,39,6]
[4,9,13,15,32,39,8]
[2,17,23,30,31,36,7]
[3,7,8,12,16,37,3]
[5,21,22,23,24,39,2]
[5,8,29,30,32,35,8]
[11,13,20,24,36,42,9]
[3,18,24,26,34,40,9]
[5,13,14,21,31,34,7]
[2,11,25,28,38,40,3]
[19,21,23,27,36,37,6]
[8,19,23,26,27,38,7]
[1,8,14,21,37,42,8]
[1,2,12,14,16,22,7]
[1,4,12,20,23,35,4]
[12,20,28,30,36,38,2]
[4,14,22,36,37,42,7]
[2,9,17,27,35,38,1]
[5,23,29,30,36,39,1]
[8,19,22,36,40,41,5]
[3,4,6,11,16,17,4]
[8,10,15,31,38,40,9]
[10,13,14,20,21,23,8]
[11,20,27,28,30,37,3]
[1,2,16,26,38,42,6]
[2,15,17,20,25,34,2]
[9,15,24,29,36,39,9]
[1,5,13,28,29,31,9]
[4,11,14,21,26,27,0]
[6,7,14,21,30,35,0]
[2,6,11,13,23,33,4]
[3,12,14,16,30,36,5]
[3,11,18,25,30,40,5]
[23,24,30,35,36,39,2]
[12,19,27,31,33,38,5]
[2,3,9,14,26,37,6]
[5,10,12,21,36,42,2]
[2,6,29,37,38,40,2]
[3,16,17,18,20,38,4]
[14,15,33,34,39,41,9]
[3,16,21,26,37,41,6]
[1,5,6,12,13,25,4]
[19,31,33,34,38,40,1]
[2,16,21,28,36,38,3]
[3,9,17,34,40,41,7]
[1,2,25,26,31,40,2]
[13,16,22,33,35,42,5]
[3,7,24,25,37,42,9]
[6,15,19,25,30,39,4]
[2,10,17,37,38,42,6]
[8,17,23,35,37,38,6]
[14,19,20,24,35,39,2]
[2,7,30,34,36,40,4]
[4,12,16,18,36,40,8]
[2,5,25,27,32,40,7]
[6,7,9,25,39,42,8]
[10,17,19,21,32,35,2]
[15,16,17,19,30,33,6]
[8,30,34,36,37,40,8]
[2,11,29,32,35,38,8]
[1,7,8,9,33,34,5]
[1,11,22,29,31,34,4]
[8,11,12,16,17,25,3]
[3,7,9,24,31,42,6]
[21,22,28,33,36,37,7]
[11,12,16,21,31,41,3]
[5,13,23,29,31,36,5]
[3,6,11,15,16,27,6]
[2,11,18,27,39,40,4]
[8,9,12,18,35,41,2]
[2,6,16,24,26,40,8]
[10,13,18,28,30,38,3]
[3,5,11,26,35,37,5]
[11,12,25,28,33,36,4]
[9,23,26,31,33,36,8]
[13,14,16,28,32,42,9]
[1,5,14,16,25,39,8]
[4,5,13,40,41,42,2]
[12,20,30,31,35,37,7]
[6,11,13,19,38,42,9]
[1,24,25,30,31,37,3]
[3,13,15,17,29,32,7]
[10,12,17,20,25,32,1]
[2,10,17,20,37,41,2]
[2,9,15,21,24,40,6]
[4,8,10,22,30,37,1]
[2,19,21,24,29,38,1]
[5,6,9,13,20,39,8]
[6,14,23,27,39,42,1]
[2,5,6,16,30,31,7]
[10,12,23,29,30,37,5]
[9,11,16,19,24,30,9]
[9,13,18,20,21,38,8]
[3,4,10,22,39,41,1]
[10,16,17,28,35,37,9]
[7,15,24,25,27,33,8]
[4,7,8,9,20,33,1]
[6,18,24,27,29,39,1]
[1,17,20,21,22,39,7]
[7,12,18,33,39,40,0]
[4,15,16,27,31,42,6]
[1,10,25,30,31,35,1]
[11,19,24,29,34,37,8]
[16,18,31,33,38,41,4]
[2,8,14,31,37,38,1]
[1,12,34,35,36,39,2]
[6,8,23,33,34,41,0]
[3,4,7,14,31,37,1]
[10,14,17,35,37,39,4]
[2,19,25,28,32,33,1]
[6,11,13,18,19,24,7]
[8,16,19,28,29,34,4]
[8,12,16,31,38,40,3]
[14,21,23,24,25,38,4]
[1,2,12,32,34,36,9]
[12,16,23,25,37,41,8]
[8,12,19,28,33,38,5]
[18,22,24,28,33,42,5]
[4,12,19,29,39,40,5]
[20,25,27,29,34,41,7]
[1,5,12,16,27,38,4]
[5,11,12,13,18,25,5]
[4,8,14,16,17,42,2]
[4,5,6,8,17,29,4]
[1,11,15,23,25,34,0]
[16,17,19,21,26,31,2]
[6,11,12,22,26,33,0]
[4,5,9,13,28,38,7]
[11,12,19,25,31,41,2]
[6,10,11,23,24,34,0]
[2,5,14,36,39,40,8]
[9,10,15,20,22,42,4]
[7,8,19,25,33,39,3]
[6,12,16,19,29,38,2]
[1,6,21,23,37,38,3]
[1,6,8,29,36,39,5]
[2,14,17,29,32,38,6]
[10,22,24,30,34,36,3]
[8,12,15,22,30,32,0]
[9,13,28,29,30,42,1]
[4,20,24,32,38,39,6]
[6,8,11,25,32,36,3]
[9,12,17,19,22,33,1]
[13,22,23,30,34,37,2]
[16,20,22,26,31,34,0]
[3,6,13,28,34,37,2]
[6,11,13,16,22,33,3]
[1,12,22,33,34,38,8]
[18,20,32,37,38,41,2]
[2,3,11,14,15,28,4]
[2,4,14,21,22,36,4]
[1,10,11,12,20,42,7]
[9,12,13,15,18,22,4]
[7,20,27,30,37,41,3]
[7,9,16,27,39,42,9]
[17,24,26,33,35,41,6]
[4,5,15,26,27,32,7]
[6,10,19,33,34,38,7]
[5,17,18,22,23,24,1]
[6,29,34,38,41,42,1]
[15,16,25,36,38,41,4]
[5,12,19,24,27,32,2]
[11,26,28,31,33,37,4]
[11,13,14,15,16,31,4]
[2,3,4,6,8,22,6]
[7,9,12,21,24,26,8]
[3,10,14,15,33,34,5]
[2,8,17,27,36,40,2]
[17,28,37,38,39,42,6]
[2,6,10,19,27,33,8]
[4,17,24,30,35,37,7]
[13,21,24,26,29,30,9]
[12,13,14,22,26,33,6]
[9,16,20,28,30,33,1]
[8,18,34,37,38,39,0]
[3,5,8,17,19,26,2]
[4,29,33,34,36,39,9]
[20,25,30,31,35,38,6]
[3,7,9,14,18,41,9]
[8,27,29,30,37,39,2]
[5,8,14,17,24,25,9]
[2,6,18,20,25,41,0]
[8,10,13,21,23,25,1]
[7,17,24,31,37,38,3]
[4,12,18,24,31,36,7]
[1,2,7,12,24,39,6]
[5,13,20,25,33,35,6]
[7,9,16,20,22,37,7]
[11,13,15,20,27,28,4]
[22,25,31,33,38,39,4]
[3,6,9,14,18,27,8]
[3,8,32,36,39,40,6]
[2,6,11,27,33,35,5]
[10,14,24,33,35,39,7]
[10,15,19,27,29,35,4]
[1,5,7,12,36,40,1]
[9,12,22,27,33,41,3]
[15,19,23,30,35,41,8]
[7,8,23,26,28,29,7]
[15,27,33,34,37,41,4]
[3,19,25,30,33,41,9]
[2,11,12,18,27,30,6]
[10,23,26,28,36,38,7]
[5,6,8,28,35,41,3]
[1,6,28,34,35,42,0]
[2,11,13,22,27,36,6]
[1,9,12,20,23,42,6]
[1,7,8,9,23,30,8]
[3,5,8,11,29,31,0]
[2,17,21,24,30,32,5]
[1,3,9,14,27,28,3]
[17,21,28,30,36,38,1]
[4,5,18,30,34,42,2]
[10,27,33,34,35,41,3]
[1,9,13,19,22,36,2]
[2,7,21,28,31,41,8]
[25,26,28,31,39,42,1]
[2,16,18,33,36,38,7]
[1,9,27,28,35,40,1]
[5,9,14,15,33,35,7]
[14,17,25,29,32,34,7]
[8,11,16,27,28,30,8]
[8,10,13,19,31,32,0]
[3,7,10,18,30,41,4]
[3,4,18,19,28,42,4]
[4,6,19,29,32,38,7]
[9,19,23,30,32,35,4]
[2,6,8,23,26,27,1]
[1,7,17,25,30,37,6]
[1,10,25,31,37,41,6]
[2,5,7,17,28,39,2]
[2,6,15,17,20,35,9]
[11,13,20,21,22,29,7]
[4,8,9,19,21,28,6]
[9,15,16,31,32,33,1]
[5,16,27,28,29,40,5]
[5,9,24,25,31,39,1]
[2,14,21,24,32,36,3]
[3,4,6,10,11,38,3]
[4,11,23,29,34,42,0]
[1,4,9,31,38,39,7]
[10,13,22,24,33,42,6]
[10,14,20,21,30,32,6]
[1,7,10,18,21,37,2]
[7,12,21,23,37,41,2]
[3,9,14,27,29,32,9]
[21,22,24,28,29,38,0]
[8,10,13,26,27,40,6]
[15,26,28,30,33,41,8]
[2,9,14,15,25,28,8]
[13,22,23,26,29,35,2]
[2,9,11,16,19,33,7]
[5,18,33,34,37,41,5]
[3,19,25,37,40,42,7]
[12,15,33,38,39,41,9]
[1,4,28,35,38,42,6]
[2,15,18,21,30,32,6]
[2,17,19,21,26,36,0]
[3,14,21,26,32,40,9]
[3,8,18,27,29,35,2]
[11,15,18,22,23,35,8]
[7,10,25,28,31,40,4]
[3,4,5,16,28,42,2]
[6,12,14,19,35,41,8]
[1,6,13,16,27,38,5]
[4,10,19,21,28,41,0]
[4,12,15,22,23,25,9]
[16,21,23,24,30,31,8]
[14,16,31,34,35,41,5]
[4,8,14,23,34,37,8]
[12,13,14,18,22,36,3]
[14,17,24,26,27,34,1]
[11,15,21,30,34,35,2]
[11,12,14,29,30,40,0]
[3,9,15,24,33,42,3]
[4,16,19,22,31,35,0]
[5,8,10,16,19,31,5]
[17,19,26,28,37,42,1]
[3,5,6,22,29,33,4]
[7,15,20,21,23,24,3]
[14,21,29,33,35,40,1]
[5,7,9,21,27,36,1]
[4,5,11,22,24,38,6]
[12,13,29,34,35,38,3]
[5,14,20,26,36,39,6]
[2,28,31,33,36,41,0]
[8,18,21,26,30,35,0]
[4,12,17,18,30,42,5]
[5,16,17,26,30,34,9]
[7,19,20,28,29,35,6]
[10,13,23,27,33,42,5]
[5,10,15,25,36,39,7]
[2,14,15,21,25,37,1]
[10,19,22,23,31,32,7]
[7,15,25,30,32,34,1]
[8,19,25,33,39,40,3]
[4,8,9,21,34,36,7]
[17,26,35,37,39,40,2]
[1,14,20,28,31,40,3]
[4,7,16,18,30,37,2]
[7,13,17,30,31,42,2]
[10,24,25,28,35,42,1]
[2,5,15,18,38,40,2]
[3,6,19,24,37,40,5]
[5,7,19,27,32,38,1]
[11,18,21,29,31,33,5]
[10,14,23,29,32,37,1]
[5,18,21,25,33,37,7]
[8,15,19,27,28,34,6]
[10,16,29,35,38,42,6]
[3,10,13,17,33,42,8]
[4,21,25,27,29,38,3]
[1,12,27,29,33,41,6]
[6,12,13,22,27,30,3]
[6,7,22,29,32,36,3]
[1,9,11,13,34,37,6]
[9,16,20,23,36,39,6]
[3,4,6,11,25,34,9]
[4,12,14,15,36,37,0]
[11,17,19,22,25,36,5]
[3,5,17,18,31,36,2]
[1,17,18,21,39,42,1]
[1,5,7,10,23,37,9]
[4,12,32,38,40,42,5]
[3,7,28,33,40,41,5]
[13,21,24,29,41,42,8]
[1,9,15,25,28,40,8]
[17,20,23,28,33,34,6]
[5,8,9,12,19,27,8]
[4,7,14,17,25,38,5]
[6,8,10,18,24,38,1]
[6,8,14,19,23,41,4]
[9,18,19,25,30,42,2]
[8,11,13,18,27,40,1]
[11,16,18,20,31,36,2]
[5,10,18,23,32,33,1]
[17,31,33,37,39,40,5]
[13,19,23,26,31,35,2]
[2,14,16,21,36,41,7]
[11,18,20,22,34,39,7]
[6,8,10,14,17,18,6]
[18,24,28,33,34,41,6]
[12,21,22,29,30,33,9]
[3,8,9,13,28,34,0]
[3,6,15,16,17,41,4]
[4,6,23,26,32,33,7]
[6,13,21,24,31,40,5]
[15,21,27,32,33,41,4]
[1,15,19,21,26,32,8]
[2,5,11,25,27,28,7]
[9,16,18,29,35,38,6]
[2,4,23,32,34,40,1]
[16,17,19,27,28,34,0]
[2,7,10,19,40,42,9]
[3,15,17,28,32,39,1]
[4,17,19,29,35,41,1]
[1,7,18,29,32,38,3]
[1,10,26,28,29,42,5]
[6,24,28,35,37,42,5]
[8,10,15,31,34,38,6]
[17,19,33,37,38,39,3]
[9,11,13,27,32,37,1]
[4,15,17,26,29,33,6]
[2,18,23,24,28,35,8]
[1,2,3,27,28,31,4]
[2,8,20,36,38,40,1]
[2,5,21,31,32,41,0]
[2,10,13,17,21,32,6]
[4,6,19,25,41,42,2]
[9,10,14,15,29,39,7]
[3,16,21,32,35,38,5]
[7,11,17,27,32,40,9]
[4,14,22,27,33,41,7]
[10,12,13,17,24,26,3]
[4,9,11,25,32,34,4]
[5,8,9,17,24,38,0]
[4,27,30,34,38,39,4]
[12,13,16,17,32,42,0]
[11,14,15,20,23,42,6]
[20,25,29,31,34,41,5]
[5,10,12,16,29,31,6]
[5,14,16,30,35,42,3]
[2,19,26,30,34,35,5]
[4,7,10,21,32,38,8]
[1,10,19,26,27,41,4]
[6,7,13,20,24,26,0]
[1,10,11,13,36,42,7]
[2,10,12,20,29,30,5]
[6,12,24,28,31,34,9]
[9,13,14,26,33,38,0]
[10,15,17,33,35,42,7]
[10,15,16,18,20,39,1]
[1,4,14,24,36,42,7]
[3,4,9,16,17,19,0]
[11,20,26,28,38,42,8]
[7,9,13,22,34,35,9]
[9,16,20,25,39,42,7]
[6,9,10,19,37,38,3]
[9,12,15,27,28,32,0]
[9,28,32,38,39,40,4]
[5,6,9,24,25,35,8]
[6,13,20,25,39,42,6]
[11,26,28,33,38,41,3]
[4,12,19,20,23,38,3]
[4,15,23,27,31,33,5]
[8,12,13,22,32,42,4]
[8,9,20,24,30,34,8]
[2,6,11,12,16,20,8]
[2,7,22,28,33,39,5]
[2,8,9,14,34,38,2]
[3,14,23,36,37,42,2]
[4,22,33,34,36,41,1]
[10,14,19,39,41,42,7]
[1,2,10,11,18,23,2]
[1,6,14,18,30,36,5]
[3,6,14,15,28,31,1]
[4,8,11,24,25,34,5]
[3,4,14,16,23,35,0]
[10,17,32,34,38,41,9]
[8,15,24,32,34,37,2]
[13,21,25,31,35,41,6]
[27,29,33,34,38,40,8]
[6,9,25,30,31,39,5]
[6,10,14,17,18,25,5]
[12,15,19,22,35,37,6]
[9,13,14,17,33,39,2]
[3,9,13,19,32,35,1]
[18,19,29,31,33,39,8]
[2,8,26,33,36,39,6]
[2,7,12,19,22,33,5]
[1,6,20,26,33,34,0]
[3,14,15,26,39,42,9]
[5,24,27,28,36,41,0]
[9,10,25,26,34,40,7]
[3,8,15,18,27,34,6]
[4,8,9,32,34,40,8]
[6,10,15,16,19,32,2]
[5,26,32,34,36,37,4]
[4,5,6,18,40,41,6]
[1,9,10,18,26,37,4]
[2,12,31,34,35,38,6]
[4,18,19,27,32,35,0]
[21,24,25,35,37,40,5]
[1,3,28,29,31,36,3]
[14,21,24,25,31,35,8]
[3,13,19,21,22,30,6]
[8,16,18,29,32,37,2]
[4,6,10,11,33,36,7]
[5,6,20,25,26,38,6]
[4,16,34,37,39,42,0]
[5,7,12,24,37,39,0]
[1,3,5,12,29,37,7]
[11,21,22,28,33,35,1]
[5,19,24,26,28,33,5]
[1,9,17,28,30,42,9]
[13,14,17,18,22,34,9]
[8,11,17,18,27,32,2]
[2,5,25,27,34,39,0]
[8,25,26,27,30,38,2]
[2,18,26,32,36,41,5]
[4,8,9,15,35,42,3]
[1,9,22,24,35,40,4]
[4,12,21,26,38,42,5]
[8,9,11,15,19,32,4]
[5,19,22,23,26,41,0]
[5,8,20,29,31,42,2]
[21,28,34,35,39,42,1]
[13,18,30,33,38,40,7]
[9,12,20,21,24,27,3]
[4,14,22,23,27,40,1]
[2,3,10,14,17,42,0]
[12,20,30,36,40,42,7]
[14,15,28,29,35,37,6]
[10,14,15,27,30,41,4]
[4,5,17,28,33,35,8]
[4,6,9,16,25,30,0]
[3,11,25,34,39,42,1]
[11,16,18,26,33,36,1]
[5,8,9,16,36,41,3]
[2,3,23,33,36,42,5]
[2,7,13,18,20,24,3]
[5,8,16,32,38,42,1]
[1,9,18,32,33,37,7]
[4,24,30,31,34,41,0]
[3,10,16,18,23,33,0]
[5,14,19,23,27,29,6]
[1,17,20,21,30,36,0]
[7,14,20,29,34,35,0]
[5,14,23,24,30,42,6]
[11,16,17,24,35,41,2]
[4,8,11,19,25,32,9]
[3,15,19,27,30,34,7]
[7,18,21,28,29,30,7]
[8,13,16,22,36,38,1]
[5,7,10,11,14,27,7]
[10,13,17,22,29,32,3]
[5,15,23,38,40,41,7]
[9,11,18,25,34,38,9]
[4,13,15,17,20,34,8]
[9,10,16,17,35,38,2]
[13,16,17,18,24,27,4]
[9,12,13,14,25,42,5]
[9,13,16,17,37,41,3]
[11,12,22,26,40,41,4]
[2,10,14,22,24,36,5]
[4,6,7,19,25,33,8]
[4,10,15,18,21,28,8]
[7,28,30,34,35,42,6]
[18,25,34,37,41,42,0]
[1,13,14,24,35,41,1]
[6,9,15,19,21,39,8]
[2,10,28,33,34,37,7]
[1,6,14,25,31,33,0]
[7,16,21,29,34,42,5]
[2,5,9,23,29,32,6]
[3,12,14,21,26,32,7]
[3,8,19,23,27,29,6]
[2,7,11,17,30,37,2]
[10,12,20,25,26,37,7]
[15,16,28,35,36,40,0]
[1,5,12,15,16,18,0]
[6,11,24,28,37,38,9]
[2,3,24,29,36,38,0]
[1,5,14,16,19,31,2]
[3,8,15,21,22,27,2]
[3,9,12,22,27,30,7]
[2,4,20,23,37,41,4]
[2,8,17,21,35,41,1]
[3,18,23,32,34,40,9]
[9,12,13,28,32,39,8]
[5,18,24,28,29,30,9]
[3,11,17,23,29,35,4]
[6,15,24,38,41,42,1]
[1,2,27,30,33,37,0]
[1,15,16,18,25,35,7]
[12,17,18,19,21,22,6]
[10,19,33,36,41,42,4]
[2,6,17,19,34,38,6]
[4,13,27,30,34,36,1]
[5,15,16,22,39,41,3]
[2,6,10,15,17,41,5]
[5,16,19,23,32,39,8]
[4,6,12,25,27,33,0]
[10,20,28,29,30,42,7]
[1,3,11,12,18,30,2]
[5,11,14,21,31,39,7]
[7,13,21,22,27,42,8]
[10,14,18,20,32,39,7]
[1,5,9,16,21,29,7]
[4,7,8,15,16,42,6]
[1,5,20,25,37,42,6]
[3,8,14,22,27,33,7]
[3,11,14,24,26,42,7]
[2,3,18,19,29,32,7]
[3,12,17,27,29,33,8]
[2,9,17,19,28,30,3]
[4,10,30,31,35,36,3]
[1,3,17,20,32,40,8]
[2,9,11,38,40,41,8]
[3,20,23,28,35,41,5]
[4,16,17,18,26,37,7]
[5,14,16,25,31,39,1]
[3,7,25,34,35,36,8]
[1,3,8,21,33,42,8]
[3,8,18,19,21,38,5]
[6,15,24,25,28,40,0]
[8,14,17,33,35,40,6]
[11,12,18,21,26,34,0]
[11,14,22,24,30,33,6]
[2,5,7,17,32,36,0]
[2,17,20,29,32,40,9]
[8,11,13,28,31,37,0]
[5,22,31,35,40,42,5]
[4,7,16,22,35,39,5]
[2,14,15,22,29,36,4]
[5,9,14,28,34,41,8]
[1,6,11,18,21,33,1]
[7,9,31,33,35,36,4]
[1,5,17,21,22,31,0]
[5,15,18,20,25,32,3]
[16,22,24,26,27,35,6]
